X Coord	Y Coord	Node Num	Node Type	Openstreetmap Id
-122.389153	37.6126267	0	GATE_NODE	656398641
-122.3904325	37.6116789	1	GATE_NODE	670132148
-122.3899757	37.6114793	2	GATE_NODE	670132149
-122.3895314	37.612061	3	GATE_NODE	670132150
-122.3898997	37.6115133	4	GATE_NODE	670132151
-122.3904608	37.6117401	5	GATE_NODE	670132152
-122.389726	37.6128699	6	GATE_NODE	670132161
-122.3900981	37.612301	7	GATE_NODE	670132162
-122.3894247	37.6133125	8	GATE_NODE	670132171
-122.3886967	37.6133247	9	GATE_NODE	670132175
-122.3883242	37.6138855	10	GATE_NODE	670132178
-122.3890589	37.613863	11	GATE_NODE	670132179
-122.3852305	37.613619	12	GATE_NODE	1096077577
-122.3853729	37.613984	13	GATE_NODE	1096077829
-122.385075	37.6132324	14	GATE_NODE	1096077855
-122.3850134	37.6138672	15	GATE_NODE	1096077884
-122.3848632	37.613472	16	GATE_NODE	1096077889
-122.3849705	37.6128813	17	GATE_NODE	1096078161
-122.3858691	37.6125647	18	GATE_NODE	1096078294
-122.3859656	37.6124373	19	GATE_NODE	1096078316
-122.3859362	37.6122354	20	GATE_NODE	1096078332
-122.3856919	37.612187	21	GATE_NODE	1096078336
-122.385523	37.6122545	22	GATE_NODE	1096078364
-122.385531	37.612459	23	GATE_NODE	1096078376
-122.3836345	37.6151233	24	GATE_NODE	1096081658
-122.3831627	37.6149273	25	GATE_NODE	1096081782
-122.3827389	37.614751	26	GATE_NODE	1096081845
-122.3825348	37.6146176	27	GATE_NODE	1096081912
-122.3823068	37.6145879	28	GATE_NODE	1096081981
-122.3821352	37.6147833	29	GATE_NODE	1096082054
-122.3823122	37.6149746	30	GATE_NODE	1096082160
-122.3829722	37.6152142	31	GATE_NODE	1096082223
-122.383444	37.615408	32	GATE_NODE	1096082239
-122.3853058	37.6183948	33	GATE_NODE	1096086060
-122.3857618	37.6185222	34	GATE_NODE	1096086063
-122.3861587	37.6185605	35	GATE_NODE	1096086069
-122.3865342	37.6185562	36	GATE_NODE	1096086074
-122.3872584	37.6184033	37	GATE_NODE	1096086083
-122.3877842	37.6181483	38	GATE_NODE	1096086091
-122.3880792	37.6178849	39	GATE_NODE	1096086101
-122.3883796	37.6175237	40	GATE_NODE	1096086105
-122.3877198	37.6181865	41	GATE_NODE	1096086451
-122.3882777	37.6200052	42	GATE_NODE	1096086801
-122.3888463	37.6202431	43	GATE_NODE	1096086807
-122.3893988	37.6204725	44	GATE_NODE	1096086813
-122.3899728	37.620702	45	GATE_NODE	1096086819
-122.3903591	37.6209059	46	GATE_NODE	1096086824
-122.3903269	37.6211014	47	GATE_NODE	1096086831
-122.390166	37.6212289	48	GATE_NODE	1096086842
-122.3898334	37.6211439	49	GATE_NODE	1096086884
-122.3891521	37.6208592	50	GATE_NODE	1096086920
-122.3884654	37.6205788	51	GATE_NODE	1096086949
-122.3877627	37.6202898	52	GATE_NODE	1096086975
-122.3870921	37.6207742	53	GATE_NODE	1096086990
-122.386722	37.6207955	54	GATE_NODE	1096087010
-122.3868937	37.6205278	55	GATE_NODE	1096087014
-122.3870385	37.6202813	56	GATE_NODE	1096087028
-122.3898924	37.620668	57	GATE_NODE	1096087800
-122.3870117	37.6203408	58	GATE_NODE	1096088014
-122.393449	37.6186115	59	GATE_NODE	1096088587
-122.3932666	37.6188834	60	GATE_NODE	1096088599
-122.3929405	37.6187832	61	GATE_NODE	1096088604
-122.3922495	37.6184881	62	GATE_NODE	1096088610
-122.3916666	37.6182476	63	GATE_NODE	1096088616
-122.3909452	37.6179447	64	GATE_NODE	1096088622
-122.3902444	37.6176493	65	GATE_NODE	1096088630
-122.3895383	37.6173622	66	GATE_NODE	1096088637
-122.3910917	37.6174202	67	GATE_NODE	1096088644
-122.3918109	37.6177342	68	GATE_NODE	1096088648
-122.3925181	37.618028	69	GATE_NODE	1096088656
-122.3932401	37.6183308	70	GATE_NODE	1096088693
-122.3934651	37.6185562	71	GATE_NODE	1096090293
-122.3933095	37.6188409	72	GATE_NODE	1096090341
-122.3894418	37.617324	73	GATE_NODE	1096091499
-122.3822424	37.6171061	74	GATE_NODE	1245480290
-122.3810354	37.6175756	75	GATE_NODE	1245481198
-122.3809616	37.6168292	76	GATE_NODE	1245481365
-122.3813681	37.6169872	77	GATE_NODE	1245481437
-122.3808194	37.6170523	78	GATE_NODE	1245481477
-122.3820681	37.6171439	79	GATE_NODE	1245482579
-122.3816738	37.6171061	80	GATE_NODE	1245482631
-122.3809549	37.6174163	81	GATE_NODE	1245483443
-122.3812554	37.6181939	82	GATE_NODE	1245485241
-122.3811278	37.6179148	83	GATE_NODE	1245485319
-122.3814781	37.6182895	84	GATE_NODE	1245486609
-122.3824033	37.6175222	85	GATE_NODE	1245486974
-122.3818185	37.6179178	86	GATE_NODE	1245486986
-122.3817274	37.6181748	87	GATE_NODE	1245487086
-122.3845775	37.6183072	88	GATE_NODE	1245489184
-122.3845058	37.6184166	89	GATE_NODE	1245489286
-122.3843422	37.6186716	90	GATE_NODE	1245492515
-122.3842778	37.6187693	91	GATE_NODE	1245492516
-122.3839881	37.6192346	92	GATE_NODE	1245492522
-122.3840418	37.6191517	93	GATE_NODE	1245492557
-122.3841437	37.6189818	94	GATE_NODE	1245492575
-122.3842	37.6188925	95	GATE_NODE	1245492693
-122.3839238	37.6193727	96	GATE_NODE	1245493999
-122.3840337	37.6195044	97	GATE_NODE	1245494401
-122.3842456	37.6195299	98	GATE_NODE	1245494561
-122.384369	37.6194385	99	GATE_NODE	1245494716
-122.3845943	37.6190901	100	GATE_NODE	1245494717
